74.4186046511628
71.8954248366013
78.6764705882353
69.6296296296296
79.3893129770992
76.1194029850746
79.874213836478
80.5555555555556
81.5217391304348
83.75
83.5616438356164
88.7573964497041
74.1379310344828
85.4166666666667
75.7894736842105
71.5846994535519
71.0743801652893
70.6349206349206
89.7196261682243
80.5084745762712
82.4742268041237
80.5084745762712
81.7518248175183
86.7256637168142
81.1764705882353
89.6551724137931
83
84.4827586206897
82.6530612244898
84.5360824742268
82.8282828282828
74.390243902439
74.3016759776536
87.9807692307692
88.4792626728111
83.695652173913
88.8372093023256
85.7142857142857
81.7307692307692
74
